0=pathable,1=nonpathable,2=water,3=door,4=hedge(N->S),5=hedge(S->N),6=hedge(E->W),7=hedge(W->E),8=wildPoke,9=trainer

Pallet Town:
{1,1,1,1,1,1,1,1,1,1,1,1,1,3,3,1,1,1,1,1,1,1,1,1,1,1,1}
{1,1,1,1,1,1,1,1,1,1,1,1,1,0,0,1,1,1,1,1,1,1,1,1,1,1,1}
{1,1,1,1,1,1,1,1,1,1,1,1,1,0,0,1,1,1,1,1,1,1,1,1,1,1,1}
{1,1,1,1,1,1,1,1,1,1,1,1,1,0,0,1,1,1,1,1,1,1,1,1,1,1,1}
{1,1,1,1,0,0,0,0,0,0,0,0,0,0,0,0,0,0,0,0,0,0,1,1,1,1,1}
{1,1,1,1,0,0,0,1,1,1,1,0,0,0,0,1,1,1,1,0,0,0,1,1,1,1,1}
{1,1,1,1,0,0,0,1,1,1,1,0,0,0,0,1,1,1,1,0,0,0,1,1,1,1,1}
{1,1,1,1,0,0,1,1,3,1,1,0,0,0,1,1,3,1,1,0,0,0,1,1,1,1,1}
{1,1,1,1,0,0,0,0,0,0,0,0,0,0,0,0,0,0,0,0,0,0,1,1,1,1,1}
{1,1,1,1,0,0,0,0,0,0,0,0,0,0,0,0,0,0,0,0,0,0,1,1,1,1,1}
{1,1,1,1,0,0,0,0,0,0,0,0,0,1,1,1,1,1,1,0,0,0,1,1,1,1,1}
{1,1,1,1,0,0,0,1,1,1,1,0,0,1,1,1,1,1,1,0,0,0,1,1,1,1,1}
{1,1,1,1,0,0,0,0,0,0,0,0,0,1,1,1,1,1,1,0,0,0,1,1,1,1,1}
{1,1,1,1,0,0,0,0,0,0,0,0,0,1,1,3,1,1,1,0,0,0,1,1,1,1,1}
{1,1,1,1,0,0,0,0,0,0,0,0,0,0,0,0,0,0,0,0,0,0,1,1,1,1,1}
{1,1,1,1,0,0,0,2,2,2,2,0,0,1,1,1,1,1,1,0,0,0,1,1,1,1,1}
{1,1,1,1,0,0,0,2,2,2,2,0,0,0,0,0,0,0,0,0,0,0,1,1,1,1,1}
{1,1,1,1,0,0,0,2,2,2,2,0,0,0,0,0,0,0,0,0,0,0,1,1,1,1,1}
{1,1,1,1,0,0,0,2,2,2,2,0,0,0,0,0,0,0,0,0,0,0,1,1,1,1,1}
{1,1,1,1,1,0,0,2,2,2,2,1,1,1,1,1,1,1,1,1,1,1,1,1,1,1,1}
{1,1,1,1,1,1,1,2,2,2,2,1,1,1,1,1,1,1,1,1,1,1,1,1,1,1,1}
{1,1,1,1,1,1,1,2,2,2,2,1,1,1,1,1,1,1,1,1,1,1,1,1,1,1,1}
{1,1,1,1,1,1,1,2,2,2,2,1,1,1,1,1,1,1,1,1,1,1,1,1,1,1,1}
{1,1,1,1,1,1,1,2,2,2,2,1,1,1,1,1,1,1,1,1,1,1,1,1,1,1,1}

Route 1:
{1,1,1,1,1,1,1,1,1,1,3,3,1,1,1,1,1,1,1,1,1,1,1}
{1,1,1,1,1,1,1,1,1,1,0,0,1,1,1,1,1,1,1,1,1,1,1}
{1,1,1,1,1,1,1,1,1,1,0,0,1,1,1,1,1,1,1,1,1,1,1}
{1,1,1,1,1,1,1,1,1,1,0,0,1,1,1,1,1,1,1,1,1,1,1}
{1,1,1,1,0,0,0,0,0,0,0,0,0,0,0,0,0,0,1,1,1,1,1}
{1,1,1,1,0,0,0,0,0,0,0,0,0,0,0,0,0,0,1,1,1,1,1}
{1,1,1,1,0,0,0,0,0,1,0,0,0,0,0,0,0,0,1,1,1,1,1}
{1,1,1,1,4,4,4,4,4,1,4,4,4,4,0,0,0,0,1,1,1,1,1}
{1,1,1,1,0,0,0,0,0,1,0,0,0,0,0,0,0,0,1,1,1,1,1}
{1,1,1,1,0,0,0,0,0,1,0,0,0,0,0,0,0,0,1,1,1,1,1}
{1,1,1,1,0,0,0,0,0,1,0,0,0,0,0,0,0,0,1,1,1,1,1}
{1,1,1,1,4,4,4,4,4,1,0,0,0,0,0,0,0,0,1,1,1,1,1}
{1,1,1,1,0,0,0,0,0,0,0,0,0,0,0,0,0,0,1,1,1,1,1}
{1,1,1,1,0,0,0,0,0,0,0,0,0,0,0,0,0,0,1,1,1,1,1}
{1,1,1,1,0,0,0,0,0,0,0,0,0,0,0,0,0,0,1,1,1,1,1}
{1,1,1,1,1,1,4,4,4,4,1,1,1,1,0,0,0,0,1,1,1,1,1}
{1,1,1,1,0,0,0,0,0,0,0,0,0,0,0,0,0,0,1,1,1,1,1}
{1,1,1,1,0,0,0,0,0,0,0,0,0,0,0,0,0,0,1,1,1,1,1}
{1,1,1,1,0,0,0,0,0,0,0,0,0,0,0,0,0,0,1,1,1,1,1}
{1,1,1,1,0,0,0,0,0,0,0,0,0,0,0,0,0,0,1,1,1,1,1}
{1,1,1,1,0,0,0,0,0,0,0,0,0,0,0,0,0,0,1,1,1,1,1}
{1,1,1,1,4,0,4,4,4,0,4,4,4,4,4,4,4,4,1,1,1,1,1}
{1,1,1,1,0,0,0,0,0,0,0,0,0,0,0,0,0,0,1,1,1,1,1}
{1,1,1,1,0,0,0,0,0,0,0,0,0,0,0,0,0,0,1,1,1,1,1}
{1,1,1,1,0,0,0,0,0,0,0,0,0,0,0,0,0,0,1,1,1,1,1}
{1,1,1,1,1,1,1,1,1,1,1,1,0,0,0,0,4,4,1,1,1,1,1}
{1,1,1,1,0,0,0,0,0,0,0,0,0,0,0,0,0,0,1,1,1,1,1}
{1,1,1,1,0,0,0,0,0,0,0,0,0,0,0,0,0,0,1,1,1,1,1}
{1,1,1,1,0,0,0,0,0,0,0,0,0,0,0,0,0,0,1,1,1,1,1}
{1,1,1,1,4,4,0,0,0,1,4,4,4,4,4,4,4,4,1,1,1,1,1}
{1,1,1,1,0,0,0,0,0,0,0,0,0,0,0,0,0,0,1,1,1,1,1}
{1,1,1,1,0,0,0,0,0,0,0,0,0,0,0,0,0,0,1,1,1,1,1}
{1,1,1,1,0,0,0,0,0,0,0,0,0,0,0,0,0,0,1,1,1,1,1}
{1,1,1,1,0,0,0,0,0,0,0,0,0,0,0,0,0,0,1,1,1,1,1}
{1,1,1,1,1,1,1,1,1,1,0,0,1,1,1,1,1,1,1,1,1,1,1}
{1,1,1,1,1,1,1,1,1,1,0,0,1,1,1,1,1,1,1,1,1,1,1}
{1,1,1,1,1,1,1,1,1,1,0,0,1,1,1,1,1,1,1,1,1,1,1}
{1,1,1,1,1,1,1,1,1,1,0,0,1,1,1,1,1,1,1,1,1,1,1}
{1,1,1,1,1,1,1,1,1,1,0,0,1,1,1,1,1,1,1,1,1,1,1}
{1,1,1,1,1,1,1,1,1,1,3,3,1,1,1,1,1,1,1,1,1,1,1}






